((0,2),(1,2))
((2,22),(3,1),(4,1),(5,2),(6,11))
(
((2,1),(4,15),(7,5),(8,16),(9,3),(10,9),(11,17))
(
((0,1),(1,1),(2,1),(3,37),(12,1),(13,4),(14,5),(15,15),(16,16),(17,5),(18,5),(19,2),(20,1),(21,1),(22,17),(23,4),(24,1),(25,2),(26,6),(27,5),(28,8),(29,2),(30,4),(31,6),(32,1),(33,3),(34,7),(35,4),(36,6),(37,5),(38,1),(39,1),(40,1),(41,1),(42,3),(43,1),(44,3),(45,1),(46,1),(47,1),(48,1),(49,4),(50,2),(51,2),(52,2),(53,1),(54,1),(55,1),(56,1),(57,1),(58,1),(59,2),(60,1),(61,1))
((0,1))
((2,1),(4,2),(5,46),(62,77),(63,2),(64,28),(65,1),(66,3),(67,2),(68,1),(69,2),(70,7),(71,3),(72,1),(73,1),(74,3),(75,1),(76,1),(77,6),(78,1),(79,4),(80,2),(81,2),(82,4),(83,1),(84,13),(85,1),(86,6),(87,3),(88,2))
((2,7),(3,3),(4,9),(5,9),(16,1),(24,7),(55,4),(66,1),(77,2),(78,1),(89,2),(90,7),(91,1),(92,2),(93,3),(94,1),(95,1),(96,1))
((78,1),(97,1))
((2,1),(4,2),(5,4),(40,1),(88,1),(93,1),(98,1),(99,1),(100,2),(101,1),(102,1),(103,2))
((0,1),(1,1),(5,1),(7,2),(11,1),(14,1),(15,2),(16,1),(18,1),(24,1),(26,1),(27,2),(28,1),(30,2),(33,1),(34,1),(35,1),(39,1),(40,1),(41,1),(43,1),(44,4),(45,9),(47,1),(49,1),(50,1),(55,1),(56,1),(59,1),(60,2),(61,1),(62,1),(64,1),(66,1),(67,1),(68,1),(71,1),(72,1),(73,1),(76,1),(79,1),(80,1),(81,1),(82,3),(84,1),(90,1),(91,1),(93,1),(94,1),(98,1),(99,1),(101,1),(102,1),(103,1),(104,1),(105,1),(106,1),(107,1),(108,1),(109,1),(110,1),(111,1),(112,1),(113,1),(114,1),(115,1),(116,1),(117,1),(118,1),(119,1),(120,1),(121,1),(122,1),(123,1),(124,1),(125,1),(126,1),(127,1),(128,1),(129,1),(130,1),(131,1),(132,1),(133,1),(134,1),(135,1),(136,1),(137,1),(138,1),(139,2),(140,1),(141,1),(142,1),(143,1),(144,1),(145,1),(146,1),(147,1),(148,1),(149,1),(150,1),(151,1),(152,1),(153,1),(154,1),(155,1),(156,1),(157,1),(158,1),(159,1),(160,1),(161,1),(162,1),(163,1),(164,1),(165,1),(166,1),(167,1),(168,1),(169,1),(170,1),(171,1),(172,1),(173,1),(174,1),(175,1),(176,1),(177,1),(178,1),(179,1),(180,1),(181,1),(182,1),(183,1),(184,1),(185,1),(186,1),(187,1),(188,2),(189,1),(190,1),(191,1),(192,1),(193,1),(194,1),(195,1),(196,2),(197,1),(198,1),(199,1),(200,1),(201,1),(202,1),(203,1),(204,1),(205,2),(206,1),(207,1),(208,1),(209,1),(210,1),(211,1),(212,1),(213,1),(214,1),(215,1),(216,1),(217,1),(218,1),(219,1),(220,1),(221,1),(222,1),(223,1),(224,1),(225,1),(226,1),(227,1),(228,1),(229,1),(230,1),(231,1),(232,1),(233,1),(234,1),(235,1),(236,1),(237,1),(238,1),(239,1),(240,1),(241,1),(242,1),(243,1),(244,1),(245,1),(246,1),(247,1),(248,1),(249,1),(250,1),(251,1),(252,1),(253,1),(254,2),(255,1),(256,1),(257,1),(258,1),(259,1),(260,1),(261,1),(262,1),(263,1),(264,1),(265,1),(266,1),(267,1),(268,1),(269,1),(270,1),(271,1),(272,1),(273,1),(274,1),(275,1),(276,1),(277,1),(278,1),(279,1),(280,1),(281,1),(282,1),(283,1),(284,1),(285,1),(286,1),(287,2),(288,1),(289,1),(290,1),(291,1),(292,1),(293,1),(294,1),(295,1),(296,1),(297,1),(298,1),(299,1),(300,1),(301,1),(302,1),(303,1),(304,1),(305,1),(306,1),(307,1),(308,1),(309,1),(310,1),(311,1),(312,1),(313,1),(314,1),(315,2),(316,1),(317,1),(318,1),(319,1),(320,1),(321,2),(322,1),(323,1),(324,1),(325,1),(326,1),(327,1),(328,1),(329,1),(330,1),(331,1),(332,1),(333,1),(334,1),(335,1),(336,1),(337,1),(338,1),(339,1),(340,1),(341,1),(342,1),(343,1),(344,1),(345,1),(346,1),(347,1),(348,1),(349,1))
((0,1),(1,7),(2,1),(3,3),(4,1),(5,3),(11,2),(14,2),(16,1),(18,2),(24,2),(28,1),(35,1),(39,1),(47,1),(55,1),(66,2),(78,3),(90,1),(93,1),(101,4),(128,1),(129,1),(137,1),(144,2),(148,1),(168,1),(174,1),(175,1),(192,1),(244,1),(253,1),(258,1),(270,1),(299,3),(300,2),(314,1),(315,1),(325,1),(327,2),(329,1),(330,1),(350,2),(351,1),(352,1))
((18,2),(24,23),(25,2),(26,1),(353,1),(354,22),(355,7),(356,6),(357,2),(358,2),(359,2),(360,2),(361,5),(362,2),(363,2))
(
((1,2),(2,9),(364,14),(365,11),(366,9),(367,1),(368,1))
((2,1))
((0,1),(1,1),(2,1),(4,16),(95,1),(369,10),(370,8))
(
((0,1),(1,4),(2,53),(3,4),(4,41),(5,3),(11,1),(78,1),(86,3),(101,1),(112,1),(141,1),(142,1),(143,1),(188,1),(246,3),(255,1),(269,2),(364,2),(365,1),(371,1),(372,2),(373,1),(374,1),(375,1),(376,1))
((24,2),(88,1),(377,1))
((2,1),(4,2),(5,1))
((5,7),(62,2),(68,1),(77,10),(224,3),(378,1))
((1,2),(2,1),(360,1),(374,1),(379,1),(380,2),(381,3))
((2,10),(3,1),(4,9),(11,1),(66,5),(95,1),(102,2),(112,1),(128,1),(129,1),(148,1),(175,3),(246,1),(253,4),(374,1),(375,1),(382,2),(383,1),(384,1))
((2,12),(3,1),(18,5),(45,1),(91,3),(95,1),(374,4),(385,2),(386,1),(387,1),(388,1),(389,2),(390,1),(391,1))
((2,1),(3,1),(12,1),(374,1))
((2,2),(364,2),(365,2),(366,1))
((1,1),(215,6))
((2,4),(374,2),(392,3))
((0,1),(2,1),(3,1),(5,1),(66,1),(93,1),(393,1))
((4,1),(88,1))
((2,1),(94,9))
((264,1))
((1,1),(2,3),(4,2),(5,6),(83,1),(86,3),(88,2),(374,1))
((3,1),(4,3),(5,1),(16,2),(18,1),(24,2),(35,1),(81,1),(90,1),(93,2),(94,1),(96,1),(98,1),(101,1),(105,1),(164,4),(165,1),(166,1),(284,1),(300,1),(321,1),(327,1),(330,1),(331,1),(353,6),(357,1),(365,31),(366,2),(375,4),(378,1),(382,1),(391,13),(394,1),(395,2),(396,1),(397,1),(398,1),(399,1),(400,1),(401,1),(402,1),(403,1),(404,1),(405,6),(406,1),(407,1),(408,1))
((90,2),(98,1))
((2,2),(3,12),(4,2),(7,1),(18,20),(24,15),(39,3),(91,1),(253,1),(320,3),(327,6),(389,1),(409,1),(410,1),(411,1),(412,1),(413,1))
(
(
((4,3),(5,1),(78,2),(79,2),(80,5),(414,1),(415,1),(416,1),(417,1))
((90,1),(103,1),(418,1))
((2,26),(18,1),(24,1),(93,1),(112,1),(365,7),(382,1),(419,1),(420,2),(421,3))
((1,1),(2,1),(3,2),(12,1))
((5,2),(24,1),(101,1),(102,1))
((2,13),(111,2),(165,4),(170,2),(365,4),(394,18),(420,1),(421,1),(422,1))
((1,2))
(
((1,1))
((5,3),(423,1),(424,1))
(
((5,3))
((1,1))
((1,2))
((1,2),(2,2))
((5,2))
((1,3))
((2,5),(3,6),(5,1),(12,1),(18,2),(24,3),(39,1),(55,1),(62,1),(77,1),(101,1),(137,4),(374,1))
((0,4),(1,1))
((353,1),(410,1))
((2,11),(3,1),(4,5),(18,1),(24,1),(78,1),(88,1),(101,1),(102,9),(353,1),(425,2))
((0,1),(1,1),(2,17),(3,5),(4,1),(7,7),(11,6),(16,1),(18,131),(24,13),(91,24),(112,6),(142,1),(150,4),(303,4),(304,1),(305,1),(306,2),(314,2),(315,1),(320,1),(327,2),(389,1),(413,8),(426,1),(427,1),(428,2),(429,1),(430,2),(431,1),(432,1),(433,7),(434,4),(435,2),(436,4))
(
((2,21),(3,19),(90,22),(119,2),(149,6),(166,1),(365,2))
((3,1),(4,1),(5,1),(15,1),(24,1),(26,1),(34,1),(39,1),(50,1),(62,1),(87,1),(93,1),(115,1),(141,1),(142,1),(146,1),(147,1),(148,2),(276,1),(286,1),(335,1),(338,1),(339,2),(386,1),(391,1),(403,2),(437,2),(438,1))
((2,2),(90,1),(439,1))
((1,2),(2,3),(5,4),(423,1),(424,1),(439,2))
((88,1))
((0,2),(1,5),(2,12),(45,1),(77,3),(364,9),(374,4))
((2,2),(4,1),(5,4),(76,1),(83,4),(86,1),(291,1),(374,2),(439,1),(440,1),(441,1))
((2,1),(4,1),(24,1),(86,1),(90,1),(91,1),(103,1),(353,1),(418,1),(439,1))
((18,1),(118,1),(280,1))
((2,5),(4,2),(7,1),(114,1),(419,1),(429,1),(442,2),(443,2),(444,1),(445,1))
((0,1),(5,9),(78,10),(407,1),(423,1),(424,1))
((2,8),(77,1),(400,2),(427,1))
((0,1))
((330,1),(446,1))
((2,10),(3,1),(4,8),(11,2),(77,2),(78,1),(111,1),(112,1),(245,1),(246,1),(377,2),(437,1))
((1,11),(47,1),(337,6),(447,1))
((1,13),(4,2),(62,2),(64,51),(77,1),(78,1),(84,8),(86,1),(87,3),(104,3),(237,1),(380,1),(403,1))
((1,5),(2,5),(3,7),(4,1),(5,3),(11,1),(14,1),(16,2),(18,2),(28,1),(35,1),(47,1),(66,1),(97,1),(101,6),(111,1),(122,2),(137,1),(141,3),(148,1),(253,1),(299,1),(327,1),(365,1),(386,1),(448,1),(449,1))
((178,1),(378,1),(386,3),(450,1),(451,1))
((64,1),(84,1))
((0,5),(1,7),(2,2),(4,11),(5,62),(9,1),(62,258),(63,3),(64,96),(69,2),(70,1),(71,1),(72,1),(73,3),(74,2),(76,1),(77,5),(78,3),(80,1),(81,4),(82,4),(83,2),(84,12),(86,19),(87,20),(90,3),(100,1),(103,1),(105,1),(147,2),(158,1),(207,2),(218,3),(237,24),(253,5),(266,1),(270,1),(286,6),(295,1),(313,1),(365,1),(391,1),(394,1),(401,1),(403,2),(422,1),(452,1),(453,1),(454,3),(455,1),(456,23),(457,2),(458,4),(459,1),(460,1))
((2,8),(4,2),(5,4),(77,1),(87,3),(101,5),(104,5),(192,4),(351,1),(374,2),(407,1),(457,2),(461,1),(462,1),(463,1),(464,1))
((82,1),(86,1),(243,1),(283,1),(284,2),(285,1),(316,1),(350,1),(374,1),(380,1),(436,1))
((2,20),(3,5),(4,9),(5,9),(11,2),(15,2),(16,1),(18,4),(24,2),(34,1),(35,2),(42,1),(55,5),(62,2),(63,1),(64,1),(66,1),(77,3),(78,1),(88,4),(90,4),(93,4),(95,1),(98,6),(100,2),(134,1),(141,1),(151,2),(164,1),(165,1),(166,1),(168,1),(182,1),(188,1),(233,1),(234,2),(236,2),(338,1),(365,1),(374,10),(386,6),(392,3),(404,1),(423,1),(450,3),(465,1),(466,1),(467,1),(468,1),(469,1),(470,1),(471,1),(472,1))
((1,1),(2,5),(3,4),(4,6),(5,8),(18,2),(85,1),(88,2),(91,2),(96,1),(374,1))
((2,9),(68,2),(77,5),(92,3),(101,2),(102,6),(118,2),(119,3),(120,2),(121,2),(127,2),(128,5),(129,2),(147,2),(148,3),(164,3),(166,3),(167,2),(168,2),(170,2),(172,2),(175,3),(208,3),(365,1),(441,4),(465,4),(473,1))
((0,1),(29,1),(105,11),(164,1),(182,1),(360,1),(367,1),(419,1),(421,1),(474,1),(475,7),(476,1))
((1,2),(2,2),(5,1),(11,1),(77,1),(91,1),(104,1),(462,1),(472,1),(477,1))
((2,1),(5,2),(178,1),(348,1))
((2,28),(3,1),(4,92),(5,12),(11,3),(24,1),(66,3),(78,1),(80,1),(88,3),(90,5),(100,1),(103,3),(111,2),(112,2),(142,4),(253,1),(254,1),(255,3),(256,1),(372,3),(391,6))
